6.359569959	,	0.069420243	,	0.529619149	,	0.982053062	,	1.548234369	,	0.00481917	,	0.375609927	,	0
7.020134687	,	0.068899143	,	0.529681824	,	0.981819409	,	1.592896455	,	0.004747092	,	0.401110667	,	0
5.757289851	,	0.076518494	,	0.547535756	,	0.973957006	,	1.443646805	,	0.00585508	,	0.284190269	,	0
7.168016956	,	0.072839215	,	0.534754508	,	0.977459095	,	1.588452466	,	0.005305551	,	0.389630847	,	0
5.596092708	,	0.075300395	,	0.539091556	,	0.973919973	,	1.455115715	,	0.005670149	,	0.265444331	,	0
7.841366697	,	0.08621524	,	0.542833584	,	0.963003971	,	1.574419718	,	0.007433068	,	0.313590345	,	0
10.90336034	,	0.075677971	,	0.490382532	,	0.978644846	,	1.918914299	,	0.005727155	,	0.487877479	,	0
12.14374594	,	0.063843243	,	0.456708261	,	0.971409339	,	2.078282569	,	0.00407596	,	0.49518421	,	0
8.235702321	,	0.075968328	,	0.525725783	,	0.971318058	,	1.614740369	,	0.005771187	,	0.308460199	,	0
9.060233138	,	0.07784253	,	0.501093664	,	0.967815576	,	1.762314976	,	0.006059459	,	0.378924302	,	0
7.766143643	,	0.074238245	,	0.504594812	,	0.984215123	,	1.710115202	,	0.005511317	,	0.456510517	,	0
8.119628756	,	0.066882831	,	0.490091252	,	0.98616723	,	1.765169384	,	0.004473313	,	0.485701695	,	0
7.965712918	,	0.072293322	,	0.499310775	,	0.984122621	,	1.734215294	,	0.005226324	,	0.466166119	,	0
2.877721943	,	0.087174623	,	0.651430828	,	0.990270641	,	0.93590401	,	0.007599415	,	0.257384301	,	0
3.187587598	,	0.09444239	,	0.657293753	,	0.987277213	,	0.94655249	,	0.008919365	,	0.267001947	,	0
4.164564318	,	0.090491126	,	0.621339938	,	0.987687486	,	1.123953099	,	0.008188644	,	0.339226514	,	0
4.182220627	,	0.087750718	,	0.620667026	,	0.989522784	,	1.12909787	,	0.007700189	,	0.360031225	,	0
3.677195501	,	0.08774098	,	0.642651434	,	0.988835716	,	1.024749598	,	0.00769848	,	0.324071493	,	0
7.77819369	,	0.084888181	,	0.538833774	,	0.963772977	,	1.581701022	,	0.007206003	,	0.310921843	,	0
9.242881072	,	0.078750403	,	0.502476216	,	0.97224947	,	1.789525861	,	0.006201626	,	0.427362388	,	0
202.8402728	,	0.050291773	,	0.485107935	,	0.929046631	,	4.652223704	,	0.002529262	,	1.014174545	,	0
131.6669572	,	0.067588392	,	0.50964756	,	0.949797155	,	4.228677401	,	0.004568191	,	1.007820907	,	0
260.7320446	,	0.041972145	,	0.505677062	,	0.944846206	,	4.978207363	,	0.001761661	,	1.07189844	,	0
337.0200321	,	0.043471609	,	0.462765298	,	0.930653018	,	5.89966841	,	0.001889781	,	1.130558654	,	0
301.9763272	,	0.040802032	,	0.487194741	,	0.93964294	,	5.443629713	,	0.001664806	,	1.106002944	,	0
283.9685844	,	0.040585621	,	0.497601475	,	0.94142737	,	5.226369945	,	0.001647193	,	1.090974776	,	0
202.7484873	,	0.049754045	,	0.469840336	,	0.928984107	,	4.890900079	,	0.002475465	,	1.056900586	,	0
276.1081769	,	0.048644915	,	0.434940425	,	0.911007049	,	5.894147609	,	0.002366328	,	1.160179036	,	0
275.3422042	,	0.04147137	,	0.50110137	,	0.940782084	,	5.107800909	,	0.001719875	,	1.086328157	,	0
414.7029877	,	0.03959081	,	0.450445634	,	0.903372804	,	6.488172153	,	0.001567432	,	1.178723835	,	0
1.528937203	,	0.103975027	,	0.710982714	,	0.99576301	,	0.716507709	,	0.010810806	,	0.164297554	,	0
4.833811917	,	0.122697512	,	0.737191487	,	0.975437393	,	0.739291697	,	0.01505468	,	0.237041177	,	0
1.668683554	,	0.089194878	,	0.665398389	,	0.996227579	,	0.820633781	,	0.007955726	,	0.188498556	,	0
4.010751034	,	0.101312944	,	0.666152014	,	0.987213577	,	0.904266229	,	0.010264313	,	0.248714727	,	0
1.405548149	,	0.109150745	,	0.715167318	,	0.99504504	,	0.693894643	,	0.011913885	,	0.151224649	,	0
1.344238198	,	0.10865154	,	0.70780263	,	0.995194707	,	0.70119304	,	0.011805157	,	0.15718842	,	0
9.242898164	,	0.085043532	,	0.630729717	,	0.984201996	,	1.181024168	,	0.007232402	,	0.388625632	,	0
36.69107442	,	0.076787622	,	0.565596847	,	0.943786255	,	1.787508973	,	0.005896339	,	0.466717197	,	0
94.87209859	,	0.083882461	,	0.567100878	,	0.844801425	,	2.671230301	,	0.007036267	,	0.690107861	,	0
50.15261683	,	0.092899745	,	0.607634664	,	0.889478877	,	1.895788466	,	0.008630363	,	0.514603107	,	0
53.01977575	,	0.090781406	,	0.602482778	,	0.901337126	,	1.991915359	,	0.008241264	,	0.558391374	,	0
47.50023929	,	0.085622413	,	0.591178722	,	0.925857977	,	1.970242368	,	0.007331198	,	0.572525721	,	0
49.27740745	,	0.081837511	,	0.583500355	,	0.932124378	,	2.028475712	,	0.006697378	,	0.590594604	,	0
40.00256384	,	0.077863685	,	0.587779655	,	0.946273446	,	1.871192698	,	0.006062753	,	0.538863931	,	0
3.388182409	,	0.121638143	,	0.735321469	,	0.981176939	,	0.697107989	,	0.014795838	,	0.204612113	,	0
1.231275425	,	0.117104229	,	0.730558602	,	0.994295916	,	0.643096435	,	0.0137134	,	0.135623311	,	0
1.453594503	,	0.108562216	,	0.714716812	,	0.995163829	,	0.700680272	,	0.011785755	,	0.153378289	,	0
1.543363074	,	0.103794741	,	0.709726767	,	0.995734892	,	0.720849144	,	0.010773348	,	0.165873595	,	0
1.862424367	,	0.085486638	,	0.653527272	,	0.996111505	,	0.863381534	,	0.007307965	,	0.217375141	,	0
1.752880046	,	0.089368841	,	0.658670969	,	0.995843262	,	0.840597546	,	0.00798679	,	0.204368932	,	0
1.691262435	,	0.095945503	,	0.666544474	,	0.99533462	,	0.815659932	,	0.00920554	,	0.194584543	,	0
4.231822377	,	0.098756918	,	0.656557965	,	0.987495119	,	0.943886097	,	0.009752929	,	0.27122365	,	0
1.632858168	,	0.094752676	,	0.666514518	,	0.995519035	,	0.811130482	,	0.00897807	,	0.189910208	,	0
0.585615151	,	0.198673818	,	0.800786567	,	0.985895649	,	0.428673982	,	0.039471286	,	0.049723998	,	0
0.558079513	,	0.195252635	,	0.804140712	,	0.986946404	,	0.418469901	,	0.038123592	,	0.046438269	,	0
0.551823745	,	0.178921364	,	0.80323259	,	0.989169298	,	0.419085222	,	0.032012854	,	0.050693548	,	0
0.581205346	,	0.168708041	,	0.798970572	,	0.991325865	,	0.430895976	,	0.028462403	,	0.057617334	,	0
0.583974293	,	0.200867723	,	0.806400103	,	0.982549133	,	0.418247701	,	0.040347842	,	0.048476192	,	0
0.561651796	,	0.195716215	,	0.809299248	,	0.984971035	,	0.410077599	,	0.038304837	,	0.048309138	,	0
0.577496325	,	0.179007829	,	0.801287275	,	0.987609278	,	0.426058866	,	0.032043803	,	0.051717558	,	0
0.869483472	,	0.1279297	,	0.750233444	,	0.992941901	,	0.554643968	,	0.016366008	,	0.079891456	,	0
0.815847947	,	0.146743953	,	0.754279191	,	0.991332453	,	0.543739104	,	0.021533788	,	0.073285207	,	0
0.820667966	,	0.160575142	,	0.759110129	,	0.98912867	,	0.536457799	,	0.025784376	,	0.076161422	,	0
57.03350084	,	0.091860899	,	0.599657764	,	0.884688418	,	2.044371517	,	0.008438425	,	0.54915548	,	0
32.50076915	,	0.07982541	,	0.610155604	,	0.936450495	,	1.535466448	,	0.006372096	,	0.444843149	,	0
17.03213346	,	0.082215261	,	0.62245621	,	0.952010151	,	1.22127645	,	0.006759349	,	0.340001116	,	0
52.74206064	,	0.081770246	,	0.574055455	,	0.911411498	,	2.006648891	,	0.006686373	,	0.565091299	,	0
0.607681263	,	0.164221765	,	0.797925951	,	0.990149196	,	0.4365877	,	0.026968788	,	0.061774805	,	0
0.610279288	,	0.173445234	,	0.797016279	,	0.98786938	,	0.43839948	,	0.030083249	,	0.056026156	,	0
0.741872628	,	0.158003074	,	0.771338753	,	0.990387005	,	0.503162069	,	0.024964971	,	0.066301566	,	0
92.49776091	,	0.12250276	,	0.644079933	,	0.787526281	,	1.863672102	,	0.015006926	,	0.381669826	,	0
87.79972994	,	0.11113097	,	0.632324463	,	0.772002965	,	1.803045841	,	0.012350093	,	0.349247249	,	0
70.08441869	,	0.102946543	,	0.629299251	,	0.788480103	,	1.526390456	,	0.010597991	,	0.263888425	,	0
55.24030014	,	0.097073271	,	0.621256368	,	0.868173522	,	1.391600861	,	0.00942322	,	0.248597187	,	0
56.5841794	,	0.084257128	,	0.585466043	,	0.939266189	,	1.558985403	,	0.007099264	,	0.32698345	,	0
85.00105972	,	0.07576537	,	0.549815855	,	0.93452542	,	1.984890439	,	0.005740391	,	0.450371624	,	0
119.0624039	,	0.079006322	,	0.54378711	,	0.920350646	,	2.54635422	,	0.006241999	,	0.600303308	,	0
27.29687553	,	0.142726277	,	0.705326903	,	0.913170339	,	0.974207774	,	0.02037079	,	0.198054315	,	0
0.849707722	,	0.167252006	,	0.758750764	,	0.990495727	,	0.540884696	,	0.027973234	,	0.098598367	,	0
1.1115783	,	0.137094731	,	0.723444011	,	0.996541769	,	0.64290842	,	0.018794965	,	0.143716841	,	0
0.939288278	,	0.149307525	,	0.74455303	,	0.995809716	,	0.579222644	,	0.022292737	,	0.128673742	,	0
0.917752025	,	0.150646304	,	0.747203124	,	0.995127527	,	0.571736232	,	0.022694309	,	0.117796727	,	0
4.787508973	,	0.124262906	,	0.664775469	,	0.985481005	,	0.863843025	,	0.01544127	,	0.184588679	,	0
17.88221721	,	0.10221192	,	0.606582822	,	0.971404012	,	1.246419171	,	0.010447277	,	0.271950505	,	0
26.69668068	,	0.099946494	,	0.596277341	,	0.970535804	,	1.380747274	,	0.009989302	,	0.296961982	,	0
71.8599118	,	0.102778426	,	0.605406478	,	0.959055398	,	2.046764434	,	0.010563405	,	0.504172327	,	0
64.34690459	,	0.099670906	,	0.608980907	,	0.95884662	,	1.88592623	,	0.00993429	,	0.449643061	,	0
43.87267973	,	0.093654369	,	0.605127646	,	0.965275682	,	1.575923837	,	0.008771141	,	0.358847934	,	0
16.36686836	,	0.091818034	,	0.608292725	,	0.979178457	,	1.20353468	,	0.008430551	,	0.277284902	,	0
0.960260486	,	0.150505596	,	0.73866745	,	0.994342031	,	0.59308447	,	0.022651934	,	0.115092164	,	0
5.020254333	,	0.111805734	,	0.526427241	,	0.892123529	,	1.390780433	,	0.012500522	,	0.164770112	,	0
5.378285988	,	0.11506451	,	0.525595286	,	0.878282268	,	1.410727105	,	0.013239841	,	0.171325028	,	0
5.870594469	,	0.119529038	,	0.529367579	,	0.855017989	,	1.422879705	,	0.014287191	,	0.170351793	,	0
5.980275527	,	0.123072322	,	0.524392693	,	0.840737337	,	1.44624483	,	0.015146797	,	0.174857245	,	0
5.120773938	,	0.107055735	,	0.555938705	,	0.920762699	,	1.284791303	,	0.01146093	,	0.180095382	,	0
4.909581923	,	0.111604705	,	0.561248619	,	0.91802336	,	1.24958124	,	0.01245561	,	0.180923746	,	0
4.65136909	,	0.120739988	,	0.577259679	,	0.914399941	,	1.185331419	,	0.014578145	,	0.177810435	,	0
4.665504393	,	0.122952766	,	0.577872481	,	0.899358059	,	1.183434178	,	0.015117383	,	0.178852552	,	0
3.835230575	,	0.10038776	,	0.571546445	,	0.954557952	,	1.16442758	,	0.010077702	,	0.17532154	,	0
4.050148703	,	0.094943139	,	0.555232435	,	0.957474478	,	1.225857177	,	0.0090142	,	0.185984295	,	0
4.466225686	,	0.085627891	,	0.534633516	,	0.963687159	,	1.317591358	,	0.007332136	,	0.211571426	,	0
8.216388063	,	0.085134584	,	0.489366925	,	0.920888371	,	1.587221823	,	0.007247897	,	0.230376212	,	0
6.498769357	,	0.08659611	,	0.499940078	,	0.932764682	,	1.481984754	,	0.007498886	,	0.215272914	,	0
6.481608724	,	0.08041592	,	0.485506652	,	0.953631372	,	1.566112877	,	0.00646672	,	0.257541778	,	0
5.499794893	,	0.080765522	,	0.486943393	,	0.960788794	,	1.530116569	,	0.006523069	,	0.247613251	,	0
4.54114108	,	0.113171652	,	0.548385377	,	0.928178087	,	1.323830035	,	0.012807823	,	0.161636448	,	0
4.309250333	,	0.108762743	,	0.534217144	,	0.931372047	,	1.341657266	,	0.011829334	,	0.152506504	,	0
4.21825112	,	0.122608684	,	0.543216611	,	0.901439492	,	1.307882952	,	0.015032889	,	0.135940928	,	0
3.345947424	,	0.148546586	,	0.593277494	,	0.903189578	,	1.094349298	,	0.022066088	,	0.126912536	,	0
4.014579701	,	0.11210387	,	0.564689345	,	0.955575935	,	1.227207466	,	0.012567278	,	0.169051899	,	0
20.64687382	,	0.063852577	,	0.537868809	,	0.959874656	,	1.660786928	,	0.004077152	,	0.399634406	,	0
28.06064335	,	0.060873579	,	0.515071175	,	0.956649049	,	1.915803507	,	0.003705593	,	0.475307238	,	0
19.26171675	,	0.062597822	,	0.528740983	,	0.967200057	,	1.670426965	,	0.003918487	,	0.41065922	,	0
27.57397532	,	0.058217816	,	0.471420504	,	0.959237146	,	2.204098725	,	0.003389314	,	0.606721329	,	0
19.27048508	,	0.063002401	,	0.511347006	,	0.964542038	,	1.884610125	,	0.003969302	,	0.531705967	,	0
22.14906163	,	0.061140009	,	0.493199612	,	0.958891791	,	2.000188015	,	0.003738101	,	0.53396323	,	0
169.1249274	,	0.122056261	,	0.679385444	,	0.983986349	,	2.746231156	,	0.014897731	,	0.523641301	,	0
53.66331658	,	0.090910616	,	0.642095179	,	0.994691911	,	1.74648754	,	0.00826474	,	0.471301232	,	0
29.83189758	,	0.083507503	,	0.588661418	,	0.996325083	,	1.881636072	,	0.006973503	,	0.752434682	,	0
59.75880177	,	0.087883651	,	0.589668442	,	0.985075603	,	2.06835115	,	0.007723536	,	0.540878266	,	0
219.9828565	,	0.08585427	,	0.582725978	,	0.977911365	,	4.038167026	,	0.007370956	,	0.870303474	,	0
209.7326086	,	0.119171314	,	0.602900487	,	0.977495828	,	3.640481318	,	0.014201802	,	0.713985677	,	0
255.7840563	,	0.100200775	,	0.5485875	,	0.978236073	,	4.819505692	,	0.010040195	,	1.065519641	,	0
307.8474686	,	0.105255456	,	0.558782906	,	0.809688854	,	4.39807883	,	0.011078711	,	0.772331255	,	0
587.0511059	,	0.09910849	,	0.560853032	,	0.909661041	,	7.803609886	,	0.009822493	,	1.001941497	,	0
575.2584692	,	0.101371671	,	0.562497708	,	0.911932401	,	7.686835538	,	0.010276216	,	0.99908422	,	0
561.2920897	,	0.105513635	,	0.563350457	,	0.913014066	,	7.695262024	,	0.011133127	,	1.008192598	,	0
467.1131508	,	0.111888071	,	0.589708268	,	0.923858244	,	6.75947766	,	0.012518941	,	0.952831773	,	0
568.1126551	,	0.083766776	,	0.510052287	,	0.903005816	,	8.574112057	,	0.007016873	,	1.138119135	,	0
654.6818275	,	0.083095192	,	0.498927078	,	0.890079368	,	9.378029604	,	0.006904811	,	1.17904123	,	0
646.3727481	,	0.08063158	,	0.498401317	,	0.89339493	,	9.26838273	,	0.006501452	,	1.176096854	,	0
704.6078693	,	0.060365698	,	0.451865991	,	0.876971485	,	10.35575838	,	0.003644017	,	1.273805922	,	0
552.3665436	,	0.061464142	,	0.458092588	,	0.898214811	,	8.8915154	,	0.003777841	,	1.208169671	,	0
616.5063412	,	0.057523961	,	0.437960593	,	0.888193147	,	9.654633713	,	0.003309006	,	1.268748264	,	0
692.2193792	,	0.049828233	,	0.405992682	,	0.873082527	,	10.68329744	,	0.002482853	,	1.365417594	,	0
21.1402933	,	0.112627113	,	0.617980623	,	0.935592091	,	1.665059994	,	0.012684867	,	0.493262851	,	0
43.2892182	,	0.110995295	,	0.610160041	,	0.894899254	,	2.044559532	,	0.012319956	,	0.551986092	,	0
67.82818856	,	0.107402507	,	0.611051619	,	0.84332766	,	2.246094418	,	0.011535299	,	0.563213658	,	0
107.1627525	,	0.101463209	,	0.596257052	,	0.802502296	,	2.861484292	,	0.010294783	,	0.634624951	,	0
237.4636106	,	0.087705935	,	0.605781661	,	0.960535052	,	3.559532356	,	0.007692331	,	0.590254278	,	0
237.4008786	,	0.085865561	,	0.602479578	,	0.959818421	,	3.519917468	,	0.007372895	,	0.601414393	,	0
252.9386046	,	0.080610144	,	0.588025954	,	0.958437237	,	3.668102417	,	0.006497995	,	0.646355041	,	0
250.4548251	,	0.084542155	,	0.595079229	,	0.958323425	,	3.618637405	,	0.007147376	,	0.606667157	,	0
366.5109049	,	0.078867086	,	0.55063789	,	0.907154299	,	4.843383585	,	0.006220017	,	0.752912578	,	0
336.2624517	,	0.083356511	,	0.563427253	,	0.91277988	,	4.534116159	,	0.006948308	,	0.7074576	,	0
289.5663864	,	0.085562521	,	0.570794603	,	0.926845869	,	4.131183127	,	0.007320945	,	0.666678604	,	0
260.2992685	,	0.086502817	,	0.574743644	,	0.927706715	,	3.899856425	,	0.007482737	,	0.637994351	,	0
237.7450689	,	0.08856684	,	0.580099393	,	0.931978208	,	3.648395036	,	0.007844085	,	0.610314225	,	0
273.8116945	,	0.089384906	,	0.563447562	,	0.735984967	,	3.921973815	,	0.007989661	,	0.637995777	,	0
219.20174	,	0.089418809	,	0.558481895	,	0.636720439	,	3.472652378	,	0.007995723	,	0.626069439	,	0
297.2267802	,	0.084561088	,	0.576118191	,	0.954230725	,	5.374457321	,	0.007150578	,	0.938329078	,	0
339.2158753	,	0.080983677	,	0.562907724	,	0.948751299	,	5.760708303	,	0.006558356	,	0.960904882	,	0
380.2114997	,	0.075456044	,	0.545675217	,	0.943074347	,	6.207260794	,	0.005693615	,	0.985067881	,	0
431.4459543	,	0.069984019	,	0.518902949	,	0.935697475	,	6.868475028	,	0.004897763	,	1.050444954	,	0
321.4544662	,	0.064224845	,	0.510419091	,	0.951114914	,	5.704867877	,	0.004124831	,	1.009461267	,	0
294.6239018	,	0.06721277	,	0.526883086	,	0.955019293	,	5.364612177	,	0.004517556	,	0.971114401	,	0
249.8315899	,	0.073670513	,	0.542113654	,	0.961214054	,	4.876986976	,	0.005427345	,	0.927417841	,	0
196.5241685	,	0.077685215	,	0.56046852	,	0.968310502	,	4.306276279	,	0.006034993	,	0.861116629	,	0
149.2648104	,	0.069745128	,	0.540340434	,	0.973576976	,	3.803011657	,	0.004864383	,	0.834008898	,	0
188.7046286	,	0.065981661	,	0.522755789	,	0.968211758	,	4.208611083	,	0.00435358	,	0.895058239	,	0
213.0201689	,	0.061234622	,	0.501712368	,	0.965186621	,	4.50634123	,	0.003749679	,	0.93496578	,	0
235.0941613	,	0.058214647	,	0.483392172	,	0.961620665	,	4.870047516	,	0.003388945	,	0.990110769	,	0
442.6237309	,	0.084486633	,	0.493487509	,	0.930189352	,	8.354630294	,	0.007137991	,	1.122413589	,	0
447.5572249	,	0.080141845	,	0.488695074	,	0.931528814	,	8.423050627	,	0.006422715	,	1.113288605	,	0
444.4756093	,	0.080263827	,	0.482468471	,	0.933332456	,	8.404471336	,	0.006442282	,	1.09799426	,	0
488.334752	,	0.076771616	,	0.450829038	,	0.919410414	,	9.109510136	,	0.005893881	,	1.227667995	,	0
468.742676	,	0.075098509	,	0.450045025	,	0.924157112	,	8.92231566	,	0.005639786	,	1.224355104	,	0
450.5865552	,	0.071833689	,	0.455642216	,	0.92909604	,	8.620397908	,	0.005160079	,	1.198333954	,	0
408.0700612	,	0.075809623	,	0.483652409	,	0.935354978	,	7.867415308	,	0.005747099	,	1.152408919	,	0
377.3386661	,	0.056880206	,	0.446748926	,	0.935710345	,	7.742624688	,	0.003235358	,	1.213367571	,	0
423.9263665	,	0.055301691	,	0.426808418	,	0.928554983	,	8.46361057	,	0.003058277	,	1.265947872	,	0
446.123013	,	0.054270896	,	0.411839114	,	0.922566051	,	8.88064472	,	0.00294533	,	1.298476118	,	0
480.020562	,	0.055707731	,	0.412649392	,	0.915074723	,	9.256127577	,	0.003103351	,	1.317612931	,	0
470.9534065	,	0.083814092	,	0.490449288	,	0.929994743	,	8.688578949	,	0.007024802	,	1.117177319	,	0
216.478139	,	0.082823069	,	0.58200225	,	0.972087334	,	3.858578607	,	0.006859661	,	0.780365185	,	0
220.9206406	,	0.082629383	,	0.57745927	,	0.972357868	,	3.940023245	,	0.006827615	,	0.793344481	,	0
229.7926537	,	0.083251977	,	0.579308898	,	0.972502298	,	4.068591256	,	0.006930892	,	0.814762273	,	0
259.4876252	,	0.083489235	,	0.581518551	,	0.970361808	,	4.374235121	,	0.006970452	,	0.843538365	,	0
280.5172974	,	0.080559175	,	0.576870599	,	0.968268898	,	4.62456842	,	0.006489781	,	0.86605127	,	0
260.7345571	,	0.065664497	,	0.52209296	,	0.960016722	,	4.506888182	,	0.004311826	,	0.875564216	,	0
299.4426384	,	0.067103854	,	0.524565516	,	0.958034874	,	4.900847776	,	0.004502927	,	0.914378831	,	0
340.1343452	,	0.067636703	,	0.521886384	,	0.95477047	,	5.332136875	,	0.004574724	,	0.953977708	,	0
686.7743308	,	0.079572248	,	0.541576622	,	0.912779711	,	7.378508187	,	0.006331743	,	0.999777097	,	0
650.6913137	,	0.074619026	,	0.504325681	,	0.903366188	,	7.223806105	,	0.005567999	,	1.002262194	,	0
485.6906642	,	0.065958593	,	0.463685243	,	0.905762446	,	5.979455099	,	0.004350536	,	0.904202331	,	0
395.5245103	,	0.046031592	,	0.367846712	,	0.898714336	,	6.258759785	,	0.002118907	,	1.058997202	,	0
404.1449031	,	0.043738679	,	0.35448243	,	0.893337005	,	6.470819907	,	0.001913072	,	1.086437491	,	0
216.9342802	,	0.077852538	,	0.541561413	,	0.959724647	,	3.797610501	,	0.006061018	,	0.723904392	,	0
238.8968311	,	0.076712655	,	0.541250664	,	0.958681663	,	4.045533791	,	0.005884831	,	0.76293266	,	0
284.9743274	,	0.07546204	,	0.533498921	,	0.953606211	,	4.525826411	,	0.005694519	,	0.826559996	,	0
103.786774	,	0.050999842	,	0.438170541	,	0.963538512	,	4.129747376	,	0.002600984	,	0.922948466	,	0
56.32494103	,	0.0527796	,	0.445291151	,	0.943222206	,	3.033483745	,	0.002785686	,	0.710690039	,	0
29.22327625	,	0.052048854	,	0.442038907	,	0.966295999	,	2.445099648	,	0.002709083	,	0.646785003	,	0
69.24282459	,	0.052012018	,	0.43739913	,	0.940745411	,	3.39358111	,	0.00270525	,	0.767168664	,	0
466.993881	,	0.094369347	,	0.59672709	,	0.95253879	,	5.453662872	,	0.008905574	,	0.83776536	,	0
462.3304276	,	0.095785744	,	0.582116337	,	0.952406268	,	5.589648925	,	0.009174909	,	0.858740847	,	0
457.8285304	,	0.094156272	,	0.5592619	,	0.952373118	,	5.918914299	,	0.008865404	,	0.903133265	,	0
573.6222951	,	0.076537733	,	0.519436414	,	0.930877825	,	6.668239155	,	0.005858025	,	0.939402572	,	0
572.3864903	,	0.059232189	,	0.446248376	,	0.911939958	,	6.933579462	,	0.003508452	,	1.005689459	,	0
118.9432879	,	0.051186411	,	0.489704206	,	0.962466761	,	3.234505863	,	0.002620049	,	0.788594556	,	0
37.28677401	,	0.060012113	,	0.448423882	,	0.969396089	,	2.811472328	,	0.003601454	,	0.752884965	,	0
21.87093631	,	0.040106978	,	0.380611817	,	0.995789057	,	2.558250436	,	0.00160857	,	0.820090897	,	0
12.0017605	,	0.040550106	,	0.385215229	,	0.997745931	,	2.420760264	,	0.001644311	,	0.792025266	,	0
11.48189929	,	0.039880148	,	0.387484067	,	0.997933705	,	2.394831299	,	0.001590426	,	0.770731372	,	0
16.56325847	,	0.18463216	,	0.710060202	,	0.937116451	,	1.099032578	,	0.034089034	,	0.345001437	,	0
16.23765084	,	0.189282927	,	0.715812452	,	0.926254141	,	1.07065942	,	0.035828026	,	0.329312342	,	0
16.11988514	,	0.195293496	,	0.723579293	,	0.914874118	,	1.046832803	,	0.03813955	,	0.306078092	,	0
13.56895019	,	0.193611352	,	0.721082636	,	0.909543763	,	0.990958192	,	0.037485356	,	0.268929146	,	0
17.02512563	,	0.193220359	,	0.731548545	,	0.883092472	,	0.991385499	,	0.037334107	,	0.260657177	,	0
1.291047072	,	0.190177998	,	0.778501691	,	0.984234716	,	0.532458209	,	0.036167671	,	0.109404282	,	0
1.231172871	,	0.196848874	,	0.784295748	,	0.979943334	,	0.515895806	,	0.038749479	,	0.104551474	,	0
1.14049841	,	0.21535475	,	0.794470005	,	0.973183575	,	0.488872936	,	0.046377668	,	0.09408314	,	0
1.103356921	,	0.230470436	,	0.80135788	,	0.967707267	,	0.472105425	,	0.053116622	,	0.089606448	,	0
1.096964414	,	0.243016508	,	0.811502905	,	0.95643475	,	0.449030869	,	0.059057023	,	0.085229535	,	0
1.155795987	,	0.227840519	,	0.798923971	,	0.961512978	,	0.479044884	,	0.051911302	,	0.088801532	,	0
1.196800328	,	0.211937898	,	0.790374934	,	0.972155932	,	0.501555396	,	0.044917673	,	0.095749601	,	0
1.26944245	,	0.195624588	,	0.779969259	,	0.983004889	,	0.529757632	,	0.038268979	,	0.112311502	,	0
1.333829009	,	0.208703147	,	0.759149121	,	0.965190308	,	0.576060575	,	0.043557003	,	0.115700504	,	0
1.374542782	,	0.197996289	,	0.747216299	,	0.967028625	,	0.603442382	,	0.03920253	,	0.119598292	,	0
1.441800841	,	0.185267599	,	0.734402192	,	0.976273359	,	0.634943425	,	0.034324083	,	0.120441845	,	0
1.490718901	,	0.17355399	,	0.721512457	,	0.983429451	,	0.663726797	,	0.030120988	,	0.128979387	,	0
45.96704611	,	0.146813299	,	0.654935358	,	0.899761231	,	1.694766349	,	0.021554145	,	0.480852902	,	0
49.97184904	,	0.160000393	,	0.666937976	,	0.894757196	,	1.756418145	,	0.025600126	,	0.501135552	,	0
54.58629884	,	0.163764933	,	0.665960155	,	0.901883111	,	1.891498308	,	0.026818953	,	0.532561213	,	0
0.813130277	,	0.219057794	,	0.791687584	,	0.985689019	,	0.474703449	,	0.047986317	,	0.120056104	,	0
0.684767374	,	0.227994338	,	0.795003978	,	0.977694489	,	0.453543226	,	0.051981418	,	0.086114193	,	0
0.583546987	,	0.230945218	,	0.806047712	,	0.966055841	,	0.419290329	,	0.053335694	,	0.059854856	,	0
0.522835265	,	0.231608402	,	0.818738718	,	0.969348463	,	0.388353331	,	0.053642452	,	0.044553679	,	0
8.057908591	,	0.217315801	,	0.78062146	,	0.887984072	,	0.6838273	,	0.047226158	,	0.189139755	,	0
8.445424401	,	0.220900019	,	0.774809939	,	0.893193812	,	0.69681742	,	0.048796818	,	0.204469044	,	0
5.983403412	,	0.217949563	,	0.770574462	,	0.933050114	,	0.645386798	,	0.047502012	,	0.184363682	,	0
6.735411753	,	0.208203566	,	0.766985939	,	0.954400078	,	0.68345127	,	0.043348725	,	0.221164378	,	0
19.20517554	,	0.195469764	,	0.716762962	,	0.941563625	,	1.213516562	,	0.038208428	,	0.401771673	,	0
19.11275767	,	0.206303577	,	0.728029785	,	0.913207914	,	1.236266366	,	0.042561166	,	0.400190294	,	0
90.7434793	,	0.202500527	,	0.717776534	,	0.753722608	,	2.14231019	,	0.041006464	,	0.497460501	,	0
15.90247154	,	0.204552403	,	0.722504908	,	0.926053129	,	1.120842307	,	0.041841686	,	0.365365243	,	0
0.545516699	,	0.238425373	,	0.849448337	,	0.978286455	,	0.333367518	,	0.056846658	,	0.057885805	,	0
0.565941955	,	0.232206088	,	0.843463607	,	0.980644088	,	0.346750761	,	0.053919667	,	0.061852164	,	0
0.63143951	,	0.222938594	,	0.827783199	,	0.979559873	,	0.383943527	,	0.049701617	,	0.070585226	,	0
0.684938297	,	0.210910075	,	0.81396751	,	0.979170777	,	0.415700954	,	0.04448306	,	0.072635703	,	0
0.611646669	,	0.216648525	,	0.799663518	,	0.980021725	,	0.434810105	,	0.046936583	,	0.067867311	,	0
28.33736711	,	0.195193454	,	0.737270136	,	0.914688989	,	1.160598913	,	0.038100485	,	0.357315045	,	0
21.05652412	,	0.180132784	,	0.711678263	,	0.941752566	,	1.125952894	,	0.03244782	,	0.414258637	,	0
23.07958158	,	0.190902671	,	0.727703824	,	0.925698332	,	1.098212149	,	0.03644383	,	0.364893345	,	0
4.809438348	,	0.151571061	,	0.706137568	,	0.984127388	,	0.859347759	,	0.022973786	,	0.321495971	,	0
1.154753359	,	0.187898411	,	0.754028045	,	0.963262569	,	0.577650156	,	0.035305813	,	0.073807423	,	0
7.479848221	,	0.163589827	,	0.709119958	,	0.854404896	,	0.932519742	,	0.026761632	,	0.191695878	,	0
6.565736848	,	0.168829893	,	0.744086229	,	0.892180975	,	0.832649643	,	0.028503533	,	0.196408408	,	0
5.293713465	,	0.13275651	,	0.68133735	,	0.984651906	,	0.953406488	,	0.017624291	,	0.317967775	,	0
0.740607801	,	0.160741527	,	0.768009678	,	0.98273593	,	0.508323933	,	0.025837838	,	0.054258169	,	0
375.5922811	,	0.035512851	,	0.360509163	,	0.93801137	,	7.107476156	,	0.001261163	,	1.4610051	,	1
1413.84834	,	0.021723689	,	0.261382793	,	0.86048611	,	16.2492223	,	0.000471919	,	1.952360015	,	1
1027.941305	,	0.026998166	,	0.313191996	,	0.899935723	,	12.56240386	,	0.000728901	,	1.774669352	,	1
376.6510463	,	0.035024963	,	0.38916047	,	0.940819832	,	6.657276107	,	0.001226748	,	1.332918375	,	1
644.9965303	,	0.030257527	,	0.332012801	,	0.930155682	,	9.881841179	,	0.000915518	,	1.633879503	,	1
164.9387584	,	0.046186076	,	0.402316054	,	0.962419776	,	5.242419581	,	0.002133154	,	1.326546599	,	1
524.6841521	,	0.024055897	,	0.29373222	,	0.923711319	,	10.08260691	,	0.000578686	,	1.763967417	,	1
485.1933648	,	0.039115836	,	0.349238012	,	0.93937691	,	9.16427375	,	0.001530049	,	1.675318719	,	1
181.2148498	,	0.047904645	,	0.412031721	,	0.966383883	,	5.273202748	,	0.002294855	,	1.327146015	,	1
418.7765016	,	0.032464147	,	0.339465941	,	0.937504713	,	8.571633679	,	0.001053921	,	1.638525245	,	1
528.5577035	,	0.030571957	,	0.332230387	,	0.923457297	,	8.667846033	,	0.000934645	,	1.58052908	,	1
1147.334684	,	0.023746295	,	0.289096195	,	0.877952299	,	13.83200014	,	0.000563887	,	1.848750513	,	1
1520.011418	,	0.021047872	,	0.255809362	,	0.857003982	,	17.28557755	,	0.000443013	,	2.005407448	,	1
220.3611937	,	0.043988482	,	0.369369353	,	0.947843879	,	6.012853383	,	0.001934987	,	1.368443213	,	1
166.0941271	,	0.050050315	,	0.399690913	,	0.959584617	,	5.178221037	,	0.002505034	,	1.273208301	,	1
623.8118313	,	0.034136703	,	0.316838035	,	0.91037116	,	10.1752128	,	0.001165314	,	1.693062429	,	1
686.0480805	,	0.023666534	,	0.27518383	,	0.8923001	,	11.14260076	,	0.000560105	,	1.770641142	,	1
280.4507401	,	0.038230617	,	0.347310928	,	0.942493064	,	6.788996	,	0.00146158	,	1.447648124	,	1
950.8180187	,	0.022708345	,	0.241609923	,	0.868224433	,	13.57308652	,	0.000515669	,	1.894213755	,	1
893.2602981	,	0.025255111	,	0.296929717	,	0.916305829	,	12.8146344	,	0.000637821	,	1.828407823	,	1
348.036304	,	0.038792013	,	0.370625323	,	0.962266603	,	7.22384029	,	0.00150482	,	1.360449366	,	1
311.565124	,	0.048072309	,	0.388647219	,	0.967090496	,	6.909795231	,	0.002310947	,	1.35225208	,	1
303.3315557	,	0.051031049	,	0.400790843	,	0.970456876	,	6.747444707	,	0.002604168	,	1.341766245	,	1
182.801046	,	0.037746236	,	0.365074326	,	0.982396909	,	6.30349024	,	0.001424778	,	1.421384885	,	1
179.4849417	,	0.041367891	,	0.379738428	,	0.984364871	,	6.120397908	,	0.001711302	,	1.404163078	,	1
168.1056815	,	0.054102143	,	0.403599097	,	0.986044933	,	5.73395891	,	0.002927042	,	1.377887959	,	1
164.8958397	,	0.059988272	,	0.42422899	,	0.986225752	,	5.48135234	,	0.003598593	,	1.342571388	,	1
363.715636	,	0.046516451	,	0.407473519	,	0.96166994	,	6.53548354	,	0.00216378	,	1.230220609	,	1
282.3514511	,	0.056555701	,	0.443389633	,	0.973189568	,	5.744470653	,	0.003198547	,	1.167812358	,	1
121.3284449	,	0.033716498	,	0.353115081	,	0.98576584	,	4.938912248	,	0.001136802	,	1.228483091	,	1
69.86977404	,	0.037278163	,	0.383725239	,	0.992419597	,	3.937903805	,	0.001389661	,	1.088313469	,	1
92.59120432	,	0.036388109	,	0.35375743	,	0.989429299	,	4.507930811	,	0.001324095	,	1.172399563	,	1
93.4973507	,	0.035147545	,	0.359686648	,	0.98919865	,	4.433391447	,	0.00123535	,	1.168132266	,	1
99.44662086	,	0.0310375	,	0.347891173	,	0.987185354	,	4.295696168	,	0.000963326	,	1.124492187	,	1
98.60701467	,	0.03126026	,	0.347645511	,	0.987763403	,	4.291012888	,	0.000977204	,	1.122119943	,	1
162.4664992	,	0.029713494	,	0.345020654	,	0.981364789	,	5.36705637	,	0.000882892	,	1.284695536	,	1
208.5249889	,	0.033951723	,	0.359418288	,	0.973872174	,	5.517605032	,	0.001152719	,	1.22695363	,	1
95.50030766	,	0.044835278	,	0.388256292	,	0.988936672	,	4.176272519	,	0.002010202	,	1.095449628	,	1
97.65316378	,	0.050036582	,	0.393302089	,	0.990596227	,	4.264998462	,	0.00250366	,	1.138154652	,	1
114.5590538	,	0.040788974	,	0.382176307	,	0.988391025	,	4.511913308	,	0.00166374	,	1.173343149	,	1
511.5421495	,	0.040321828	,	0.363085837	,	0.886430252	,	8.533193177	,	0.00162585	,	1.467997156	,	1
424.428127	,	0.035742603	,	0.377941442	,	0.892796951	,	7.42699894	,	0.001277534	,	1.389555925	,	1
262.4465354	,	0.036489146	,	0.398830419	,	0.90606733	,	5.744419376	,	0.001331458	,	1.206515847	,	1
265.0885892	,	0.038294648	,	0.399066029	,	0.912811766	,	5.68654497	,	0.00146648	,	1.196060634	,	1
507.4438006	,	0.042528134	,	0.373793864	,	0.893614412	,	8.3674324	,	0.001808642	,	1.452518294	,	1
501.3806276	,	0.044321046	,	0.37011758	,	0.89094788	,	8.364150685	,	0.001964355	,	1.435869297	,	1
353.6119031	,	0.039074108	,	0.407614292	,	0.863812412	,	6.384028988	,	0.001526786	,	1.228311442	,	1
500.5813592	,	0.03695048	,	0.381912119	,	0.837154996	,	7.767904147	,	0.001365338	,	1.358838989	,	1
608.2150549	,	0.036208234	,	0.363006926	,	0.851598245	,	8.829966157	,	0.001311036	,	1.442444769	,	1
339.9319557	,	0.039214415	,	0.415266429	,	0.876033144	,	6.172238745	,	0.00153777	,	1.213183473	,	1
499.0710525	,	0.035601693	,	0.379195291	,	0.84863672	,	7.709140943	,	0.001267481	,	1.365430339	,	1
588.0990839	,	0.035279557	,	0.368946692	,	0.860887174	,	8.578009093	,	0.001244647	,	1.441229917	,	1
339.4496291	,	0.036896177	,	0.374151019	,	0.933686951	,	7.033500838	,	0.001361328	,	1.442682836	,	1
347.1763067	,	0.038677222	,	0.378722467	,	0.931765361	,	7.110228011	,	0.001495927	,	1.439065332	,	1
370.2349844	,	0.040155352	,	0.380849391	,	0.924168164	,	7.258366663	,	0.001612452	,	1.418359239	,	1
313.2540081	,	0.037081016	,	0.400437042	,	0.933051372	,	6.36237309	,	0.001375002	,	1.352317219	,	1
345.7553242	,	0.035938565	,	0.387839622	,	0.932234533	,	6.914213927	,	0.00129158	,	1.420590633	,	1
338.0788124	,	0.03904436	,	0.379495839	,	0.935068915	,	6.989385704	,	0.001524462	,	1.43755203	,	1
400.835487	,	0.041143574	,	0.38091033	,	0.919769033	,	7.603681674	,	0.001692794	,	1.43208553	,	1
365.7824155	,	0.041479197	,	0.387884733	,	0.928891578	,	7.149488941	,	0.001720524	,	1.414824208	,	1
307.6138174	,	0.052888055	,	0.425598488	,	0.867120912	,	6.947800226	,	0.002797146	,	1.344937612	,	1
287.937203	,	0.052975533	,	0.424250871	,	0.871757153	,	6.680853246	,	0.002806407	,	1.328072854	,	1
269.6145011	,	0.052940215	,	0.426074766	,	0.877064864	,	6.502136533	,	0.002802666	,	1.314830127	,	1
254.7190715	,	0.05246035	,	0.430841431	,	0.880912631	,	6.310908283	,	0.002752088	,	1.299961543	,	1
235.7182511	,	0.052231094	,	0.436737443	,	0.885924933	,	6.087409838	,	0.002728087	,	1.275449779	,	1
341.3040201	,	0.036749236	,	0.348400264	,	0.947512333	,	7.105442177	,	0.001350506	,	1.463367203	,	1
339.4691314	,	0.036886993	,	0.343508048	,	0.949220367	,	7.189125902	,	0.00136065	,	1.461810445	,	1
353.4248453	,	0.042681623	,	0.347659011	,	0.948421425	,	7.238608006	,	0.001821721	,	1.425247803	,	1
338.1501726	,	0.039606484	,	0.366977759	,	0.933130477	,	7.054148292	,	0.001568674	,	1.436062082	,	1
344.9100776	,	0.038063148	,	0.371633044	,	0.933841288	,	7.074402625	,	0.001448803	,	1.455049855	,	1
312.2993368	,	0.037531788	,	0.391259995	,	0.935114126	,	6.445544047	,	0.001408635	,	1.382225797	,	1
572.9749598	,	0.042352635	,	0.345895085	,	0.894152404	,	9.019741565	,	0.001793746	,	1.515026021	,	1
575.302157	,	0.040023196	,	0.350010962	,	0.895887994	,	8.994120261	,	0.001601856	,	1.534528886	,	1
488.7992685	,	0.038192799	,	0.376080073	,	0.893334761	,	7.805250744	,	0.00145869	,	1.430838818	,	1
351.1176802	,	0.039551431	,	0.402123257	,	0.897658822	,	6.394130517	,	0.001564316	,	1.288433502	,	1
269.6773493	,	0.061366522	,	0.45353863	,	0.827829946	,	6.337144908	,	0.00376585	,	1.256609789	,	1
253.8657232	,	0.061990886	,	0.455147919	,	0.834829724	,	6.156565139	,	0.00384287	,	1.239887168	,	1
231.17617	,	0.060393109	,	0.460534683	,	0.852233454	,	5.868167367	,	0.003647328	,	1.216033608	,	1
208.0332103	,	0.059416747	,	0.469008254	,	0.865915846	,	5.564916419	,	0.00353035	,	1.18994855	,	1
219.2453936	,	0.0547896	,	0.45233055	,	0.89017392	,	5.877260452	,	0.0030019	,	1.245619958	,	1
238.2833214	,	0.053525373	,	0.443719076	,	0.886560252	,	6.151198168	,	0.002864966	,	1.27125295	,	1
302.0574984	,	0.049062946	,	0.423213863	,	0.870568828	,	6.977780057	,	0.002407173	,	1.335452974	,	1
341.6831778	,	0.047557364	,	0.417995584	,	0.856707233	,	7.382695792	,	0.002261703	,	1.357095839	,	1
325.7080129	,	0.039939931	,	0.41553481	,	0.881803952	,	5.949287253	,	0.001595198	,	1.179168838	,	1
566.2314122	,	0.039111838	,	0.385291255	,	0.840614739	,	8.017553755	,	0.001529736	,	1.371371625	,	1
173.206936	,	0.044873001	,	0.420269715	,	0.965698369	,	5.773852254	,	0.002013586	,	1.187617196	,	1
179.1214064	,	0.0461903	,	0.419651814	,	0.965194619	,	5.769168974	,	0.002133544	,	1.192555883	,	1
176.301781	,	0.050992267	,	0.430884458	,	0.964483	,	5.640515503	,	0.002600211	,	1.164202914	,	1
176.5882303	,	0.039066304	,	0.406102189	,	0.965420597	,	5.65030937	,	0.001526176	,	1.161651879	,	1
195.8591939	,	0.037362333	,	0.397431309	,	0.960283785	,	5.941270981	,	0.001395944	,	1.187321468	,	1
227.2584692	,	0.03859304	,	0.401954569	,	0.951603103	,	6.054114108	,	0.001489423	,	1.183976856	,	1
71.14607049	,	0.078549485	,	0.562004925	,	0.925621787	,	2.904830274	,	0.006170022	,	0.604890896	,	1
94.14354083	,	0.075401529	,	0.515888847	,	0.907221988	,	3.564899327	,	0.005685391	,	0.675697609	,	1
100.0086829	,	0.073872881	,	0.493077459	,	0.900660239	,	3.814617304	,	0.005457203	,	0.69544884	,	1
151.5855481	,	0.043216178	,	0.400646181	,	0.965724525	,	5.232663342	,	0.001867638	,	1.112728039	,	1
158.5499094	,	0.038831728	,	0.386183101	,	0.964578447	,	5.530082385	,	0.001507903	,	1.163112756	,	1
148.3048063	,	0.036687843	,	0.381530549	,	0.970038964	,	5.558455543	,	0.001345998	,	1.195809727	,	1
121.432759	,	0.041210142	,	0.400610127	,	0.976884119	,	5.171691792	,	0.001698276	,	1.166260701	,	1
454.7935938	,	0.034168915	,	0.367032864	,	0.908990996	,	8.879123509	,	0.001167515	,	1.369165079	,	1
459.8478618	,	0.036350572	,	0.365966111	,	0.916529365	,	9.258315386	,	0.001321364	,	1.399943185	,	1
129.7861587	,	0.069737205	,	0.527787634	,	0.90316765	,	3.766365843	,	0.004863278	,	0.727132934	,	1
138.5240146	,	0.064902449	,	0.515812101	,	0.882735885	,	3.950808464	,	0.004212328	,	0.743492258	,	1
180.3793115	,	0.065749012	,	0.476171962	,	0.875470184	,	4.89966841	,	0.004322933	,	0.826619971	,	1
184.4217174	,	0.060721598	,	0.458423241	,	0.848789527	,	5.134669948	,	0.003687112	,	0.846154089	,	1
169.1147233	,	0.070616071	,	0.50307999	,	0.88200369	,	4.453970533	,	0.004986629	,	0.790231726	,	1
158.7057909	,	0.03710067	,	0.348546331	,	0.9682626	,	5.737172256	,	0.00137646	,	1.297732623	,	1
164.3129081	,	0.04031818	,	0.34533757	,	0.972974599	,	5.970242368	,	0.001625556	,	1.350530488	,	1
203.4415103	,	0.040603654	,	0.326809089	,	0.968002965	,	6.832615458	,	0.001648657	,	1.442414259	,	1
382.4555601	,	0.04550925	,	0.310768977	,	0.923854968	,	9.200953748	,	0.002071092	,	1.478602566	,	1
296.0044611	,	0.047664835	,	0.325334244	,	0.941789936	,	8.031535227	,	0.002271936	,	1.410848046	,	1
289.5179469	,	0.049295383	,	0.332341522	,	0.94490952	,	7.748418966	,	0.002430035	,	1.369467215	,	1
264.2821933	,	0.049289724	,	0.355198545	,	0.951586448	,	6.912009025	,	0.002429477	,	1.279470021	,	1
382.8275561	,	0.035914658	,	0.330144432	,	0.923498561	,	8.006888182	,	0.001289863	,	1.376090608	,	1
376.9375961	,	0.035718765	,	0.326160523	,	0.927422148	,	7.928742351	,	0.00127583	,	1.358056682	,	1
298.1529587	,	0.036789388	,	0.338936258	,	0.946818837	,	6.840990668	,	0.001353459	,	1.279842056	,	1
259.492599	,	0.038733028	,	0.354668804	,	0.955518441	,	6.188288381	,	0.001500247	,	1.215637274	,	1
155.8745257	,	0.040136024	,	0.374698329	,	0.973482063	,	4.763049944	,	0.0016109	,	1.081927722	,	1
268.914607	,	0.046758149	,	0.365688692	,	0.942405883	,	6.076265682	,	0.002186325	,	1.10149977	,	1
252.4118381	,	0.044563463	,	0.365020326	,	0.949633195	,	5.927751	,	0.001985902	,	1.099286246	,	1
213.8692271	,	0.044781918	,	0.370048035	,	0.959321523	,	5.372731002	,	0.00200542	,	1.04260775	,	1
307.885875	,	0.042342616	,	0.342631798	,	0.948885306	,	7.65212115	,	0.001792897	,	1.309383505	,	1
288.3989164	,	0.044451458	,	0.349898432	,	0.944202896	,	6.491043654	,	0.001975932	,	1.15309555	,	1
331.2480258	,	0.044717565	,	0.352035817	,	0.929274312	,	7.031295935	,	0.001999661	,	1.187726956	,	1
341.2224558	,	0.04395329	,	0.342330619	,	0.926610315	,	7.299097528	,	0.001931892	,	1.235361266	,	1
307.1763409	,	0.043618709	,	0.340525324	,	0.938736933	,	6.846699484	,	0.001902592	,	1.207433767	,	1
261.5087854	,	0.045436515	,	0.355321703	,	0.951532349	,	6.049242813	,	0.002064477	,	1.118943463	,	1
229.1867159	,	0.046901433	,	0.360137707	,	0.960457354	,	5.65083923	,	0.002199744	,	1.125688999	,	1
294.4820018	,	0.043898006	,	0.334605179	,	0.946457801	,	6.77759546	,	0.001927035	,	1.241937135	,	1
354.5399446	,	0.043085867	,	0.328376337	,	0.928897355	,	7.674221447	,	0.001856392	,	1.321597718	,	1
366.3177794	,	0.045623731	,	0.364785485	,	0.923214534	,	7.537927734	,	0.002081525	,	1.304402689	,	1
397.6846477	,	0.046075494	,	0.348391583	,	0.897567354	,	8.704679862	,	0.002122951	,	1.351998624	,	1
318.1905617	,	0.0568805	,	0.367354021	,	0.883736908	,	7.428144122	,	0.003235391	,	1.252801027	,	1
341.6259871	,	0.058768907	,	0.352249068	,	0.886450917	,	7.98988138	,	0.003453784	,	1.309773344	,	1
425.1855365	,	0.041662673	,	0.331894747	,	0.907210665	,	9.420213311	,	0.001735778	,	1.417039721	,	1
436.5488155	,	0.043852228	,	0.33027747	,	0.906954464	,	9.594930434	,	0.001923018	,	1.404882975	,	1
439.4791645	,	0.044281824	,	0.328255018	,	0.908208639	,	9.659795577	,	0.00196088	,	1.398248405	,	1
437.3267528	,	0.05690604	,	0.330215998	,	0.882143823	,	9.565018972	,	0.003238297	,	1.379671348	,	1
867.4916761	,	0.076701489	,	0.323011786	,	0.901304934	,	13.20582504	,	0.005883118	,	1.834247286	,	1
687.3415205	,	0.081160041	,	0.365821493	,	0.909106359	,	11.21534543	,	0.006586952	,	1.694723705	,	1
554.2761084	,	0.072818507	,	0.388727334	,	0.898582235	,	9.866406864	,	0.005302535	,	1.55882918	,	1
296.3211465	,	0.04224883	,	0.305714462	,	0.909453345	,	8.452107476	,	0.001784964	,	1.513995432	,	1
121.0642498	,	0.045423112	,	0.394454361	,	0.975719254	,	5.127593751	,	0.002063259	,	1.149501862	,	1
139.1051858	,	0.043177857	,	0.353759247	,	0.965521446	,	5.956483096	,	0.001864327	,	1.1982802	,	1
156.1760503	,	0.044030908	,	0.338061207	,	0.955894017	,	6.588520835	,	0.001938721	,	1.27290394	,	1
652.9042833	,	0.039407591	,	0.374234166	,	0.813969353	,	9.625235019	,	0.001552958	,	1.38791473	,	1
751.3727994	,	0.037922842	,	0.357993607	,	0.793258137	,	10.94504837	,	0.001438142	,	1.483188669	,	1
727.4583291	,	0.036300832	,	0.360612364	,	0.79399177	,	10.69122825	,	0.00131775	,	1.454694344	,	1
656.7505042	,	0.038177977	,	0.383551471	,	0.813007269	,	9.549670119	,	0.001457558	,	1.373362604	,	1
627.9658155	,	0.040989829	,	0.398424499	,	0.817166746	,	8.987591016	,	0.001680166	,	1.324723556	,	1
106.6630431	,	0.040924301	,	0.387566464	,	0.958701428	,	4.696646498	,	0.001674798	,	0.997187044	,	1
112.5902301	,	0.039022728	,	0.373563231	,	0.95570678	,	4.883396575	,	0.001522773	,	1.012491299	,	1
214.7470174	,	0.062427621	,	0.479102022	,	0.959143792	,	4.988838752	,	0.003897208	,	1.049061318	,	1
188.3099682	,	0.063919254	,	0.457981975	,	0.962183592	,	5.335093837	,	0.004085671	,	1.125158816	,	1
154.6784945	,	0.065856619	,	0.445976901	,	0.967780113	,	5.398113014	,	0.004337094	,	1.150545923	,	1
164.539825	,	0.068311709	,	0.439312529	,	0.96558451	,	5.716524801	,	0.00466649	,	1.182179225	,	1
213.2680409	,	0.04869027	,	0.370819764	,	0.952873455	,	7.138891738	,	0.002370742	,	1.298082279	,	1
205.4602605	,	0.047946208	,	0.377329406	,	0.956212253	,	6.89529279	,	0.002298839	,	1.288319374	,	1
232.9144019	,	0.045486559	,	0.385870716	,	0.95400184	,	6.786551807	,	0.002069027	,	1.275422551	,	1
260.1460021	,	0.045795075	,	0.419812404	,	0.953677101	,	6.197244727	,	0.002097189	,	1.186729235	,	1
260.3808327	,	0.038543952	,	0.358565357	,	0.878980464	,	6.157881243	,	0.001485636	,	1.075225451	,	1
254.1446176	,	0.041363111	,	0.36378773	,	0.870626131	,	6.17076881	,	0.001710907	,	1.0690548	,	1
250.2890131	,	0.038974215	,	0.349987255	,	0.870094611	,	6.127730489	,	0.001518989	,	1.062981761	,	1
263.8190271	,	0.037962846	,	0.355707709	,	0.877913938	,	6.185621987	,	0.001441178	,	1.074523924	,	1
255.0634465	,	0.039542148	,	0.378444582	,	0.888648164	,	5.829487574	,	0.001563582	,	1.052327255	,	1
457.1627525	,	0.038118152	,	0.366647473	,	0.830358883	,	8.13475541	,	0.001452993	,	1.333331644	,	1
503.507042	,	0.03663503	,	0.357594729	,	0.813643934	,	8.725105117	,	0.001342125	,	1.374766627	,	1
528.6088094	,	0.036561186	,	0.347576727	,	0.797254446	,	9.08093187	,	0.00133672	,	1.39334655	,	1
433.4787543	,	0.03937511	,	0.381221604	,	0.835229844	,	7.680374662	,	0.001550399	,	1.288280463	,	1
346.4003008	,	0.060180579	,	0.415437343	,	0.911580184	,	6.789491676	,	0.003621702	,	1.271923178	,	1
333.1077154	,	0.057321361	,	0.404690309	,	0.914925318	,	6.937681605	,	0.003285738	,	1.303079392	,	1
355.5959218	,	0.049557522	,	0.379490607	,	0.909988646	,	7.647813899	,	0.002455948	,	1.368641288	,	1
390.9394934	,	0.061635562	,	0.406882752	,	0.920702726	,	8.13868663	,	0.003798943	,	1.396221433	,	1
326.4053089	,	0.066609285	,	0.437956533	,	0.936020104	,	6.499384678	,	0.004436797	,	1.250600739	,	1
354.6308071	,	0.070054954	,	0.463048377	,	0.931473419	,	6.07496667	,	0.004907697	,	1.119521411	,	1
392.8724917	,	0.072055362	,	0.47958319	,	0.920184287	,	5.847195159	,	0.005191975	,	1.043683919	,	1
112.3618774	,	0.045688621	,	0.394227971	,	0.953049363	,	4.612415821	,	0.00208745	,	1.039745637	,	1
139.4443647	,	0.041654852	,	0.384715969	,	0.948442682	,	5.144566369	,	0.001735127	,	1.095161276	,	1
178.3288039	,	0.042323297	,	0.395148501	,	0.940006237	,	5.481437801	,	0.001791261	,	1.125457319	,	1
163.7219601	,	0.0440079	,	0.415762612	,	0.95016103	,	5.098331795	,	0.001936695	,	1.083207619	,	1
78.03956859	,	0.051810896	,	0.44728999	,	0.969081232	,	3.707055687	,	0.002684369	,	0.865416511	,	1
38.72900215	,	0.054456157	,	0.47499145	,	0.986151343	,	2.814224182	,	0.002965473	,	0.740278963	,	1
86.84878474	,	0.051530728	,	0.451858113	,	0.968780769	,	3.783526476	,	0.002655416	,	0.88207139	,	1
36.60345947	,	0.054657199	,	0.481058731	,	0.98808301	,	2.737975592	,	0.002987409	,	0.734016584	,	1
97.97333607	,	0.054652094	,	0.479392021	,	0.967767963	,	3.67364031	,	0.002986851	,	0.865669499	,	1
29.64502786	,	0.058854154	,	0.517162756	,	0.991422904	,	2.396506341	,	0.003463811	,	0.68390892	,	1
270.4858818	,	0.03487087	,	0.349514313	,	0.920914039	,	6.621423444	,	0.001215978	,	1.293009594	,	1
350.4407753	,	0.033412694	,	0.349116588	,	0.906867221	,	7.599664992	,	0.001116408	,	1.356309656	,	1
441.1168769	,	0.035260334	,	0.344739623	,	0.921243507	,	7.50052986	,	0.001243291	,	1.287800612	,	1
342.8053875	,	0.036744697	,	0.365774054	,	0.936666002	,	6.509759683	,	0.001350173	,	1.218216697	,	1
236.3240693	,	0.037218539	,	0.377939838	,	0.953218923	,	5.499743616	,	0.00138522	,	1.144318394	,	1
58.92561447	,	0.053525352	,	0.418554471	,	0.965728686	,	3.891327385	,	0.002864963	,	0.8951834	,	1
61.53532971	,	0.053517714	,	0.424006475	,	0.966803611	,	3.931289099	,	0.002864146	,	0.916685812	,	1
41.38238813	,	0.057139133	,	0.467936977	,	0.981971443	,	3.089666017	,	0.003264881	,	0.773475011	,	1
24.23761665	,	0.066951116	,	0.509720599	,	0.990800606	,	2.388609715	,	0.004482452	,	0.664983862	,	1
25.00895635	,	0.073214197	,	0.511963399	,	0.991377963	,	2.418589546	,	0.005360319	,	0.661215327	,	1
199.1829214	,	0.035668789	,	0.376062494	,	0.947648717	,	5.93515195	,	0.001272262	,	1.252699794	,	1
192.7483335	,	0.037254976	,	0.397946633	,	0.95863863	,	5.520664547	,	0.001387933	,	1.234166387	,	1
245.3403753	,	0.03645468	,	0.377068157	,	0.940187646	,	6.554541415	,	0.001328944	,	1.285982563	,	1
82.82692373	,	0.042145395	,	0.393943163	,	0.977627501	,	4.413666974	,	0.001776234	,	1.040322311	,	1
73.2479062	,	0.042303134	,	0.408211972	,	0.979352841	,	4.119201449	,	0.001789555	,	1.002267645	,	1
62.93578436	,	0.042583572	,	0.418019775	,	0.981517356	,	3.789542953	,	0.001813361	,	0.959774688	,	1
64.06811267	,	0.041641444	,	0.408891239	,	0.979010085	,	3.87127816	,	0.00173401	,	0.97415059	,	1
78.26732301	,	0.041519804	,	0.392702374	,	0.975872601	,	4.343417769	,	0.001723894	,	1.023418269	,	1
102.9659351	,	0.04157353	,	0.37161448	,	0.969540532	,	4.977250197	,	0.001728358	,	1.100657948	,	1
103.8435887	,	0.039129576	,	0.349804994	,	0.961662157	,	5.27034834	,	0.001531124	,	1.099054355	,	1
35.22708782	,	0.079942988	,	0.468621639	,	0.976157203	,	2.917444365	,	0.006390881	,	0.592248499	,	1
47.81965952	,	0.076442951	,	0.430192851	,	0.967564656	,	3.531347212	,	0.005843525	,	0.758359434	,	1
67.15236044	,	0.074812014	,	0.39439899	,	0.958379451	,	4.204081633	,	0.005596837	,	0.879494751	,	1
185.092435	,	0.035280928	,	0.370744571	,	0.941619261	,	5.862202167	,	0.001244744	,	1.209194229	,	1
177.2819198	,	0.038215673	,	0.401918625	,	0.95223597	,	5.464772844	,	0.001460438	,	1.17346388	,	1
129.5150583	,	0.043161026	,	0.450616128	,	0.971811561	,	4.084367415	,	0.001862874	,	0.996778873	,	1
266.725276	,	0.03809127	,	0.375322251	,	0.924111961	,	6.551208423	,	0.001450945	,	1.234979986	,	1
59.94942399	,	0.059295035	,	0.444798731	,	0.966477238	,	3.381858271	,	0.003515901	,	0.823691675	,	1
57.90850511	,	0.058510701	,	0.447316921	,	0.970420294	,	3.376183639	,	0.003423502	,	0.825665082	,	1
41.91187229	,	0.063612244	,	0.500113609	,	0.983907217	,	2.696099545	,	0.004046518	,	0.69632577	,	1
68.06330975	,	0.057931345	,	0.420709588	,	0.964105024	,	3.799883773	,	0.003356041	,	0.878715327	,	1
62.15933409	,	0.056191634	,	0.429912159	,	0.97115935	,	3.616381226	,	0.0031575	,	0.851229428	,	1
47.549277	,	0.060604487	,	0.469200966	,	0.98145182	,	3.070420128	,	0.003672904	,	0.760029683	,	1
43.87558541	,	0.066648567	,	0.495292061	,	0.98467183	,	2.797542132	,	0.004442031	,	0.716237822	,	1
63.38028578	,	0.059856871	,	0.439510818	,	0.974896489	,	3.631781356	,	0.003582845	,	0.867639501	,	1
312.6318155	,	0.043412667	,	0.291929536	,	0.974225716	,	7.625388849	,	0.00188466	,	1.664413298	,	1
240.2414282	,	0.044505445	,	0.312175704	,	0.981418486	,	6.76188767	,	0.001980735	,	1.600282	,	1
182.5860937	,	0.04635465	,	0.324870196	,	0.986652811	,	5.870987591	,	0.002148754	,	1.500251866	,	1
412.7760913	,	0.036164468	,	0.287405091	,	0.967458971	,	8.984787885	,	0.001307869	,	1.774612726	,	1
512.8437083	,	0.041615844	,	0.287238416	,	0.961314142	,	10.17731515	,	0.001731878	,	1.836466389	,	1
613.6409428	,	0.047890878	,	0.292576655	,	0.954568662	,	11.15384747	,	0.002293536	,	1.868283123	,	1
238.7167128	,	0.036928201	,	0.33086958	,	0.906798739	,	6.904385875	,	0.001363692	,	1.247936499	,	1
250.040201	,	0.035153851	,	0.316599706	,	0.901266312	,	7.293542543	,	0.001235793	,	1.285081988	,	1
274.1899976	,	0.032993697	,	0.294861089	,	0.891252863	,	8.007486412	,	0.001088584	,	1.346240268	,	1
276.0206304	,	0.03326655	,	0.297908528	,	0.889175998	,	7.98897549	,	0.001106663	,	1.330021477	,	1
255.1025878	,	0.039496021	,	0.354499384	,	0.904008786	,	6.857826548	,	0.001559936	,	1.27268512	,	1
222.3207288	,	0.039684825	,	0.362658278	,	0.916052764	,	6.476563693	,	0.001574885	,	1.246885936	,	1
166.2352066	,	0.042013772	,	0.372682144	,	0.935722981	,	5.831384815	,	0.001765157	,	1.183251211	,	1
145.4852836	,	0.041074947	,	0.367459459	,	0.940083151	,	5.520903839	,	0.001687151	,	1.142800774	,	1
137.4091717	,	0.056829416	,	0.40130669	,	0.948070538	,	5.180989984	,	0.003229583	,	1.101357743	,	1
148.9136841	,	0.056924797	,	0.403810397	,	0.945321838	,	5.321095272	,	0.003240432	,	1.125927473	,	1
160.9648925	,	0.056478756	,	0.400933245	,	0.942465039	,	5.533688852	,	0.00318985	,	1.14541736	,	1
229.380508	,	0.054109438	,	0.394560198	,	0.92212608	,	6.26551123	,	0.002927831	,	1.219119411	,	1
265.8030629	,	0.093443678	,	0.431196207	,	0.930534117	,	6.712473934	,	0.008731721	,	1.310844207	,	1
260.4889926	,	0.093538093	,	0.435880657	,	0.93273886	,	6.468345127	,	0.008749375	,	1.286678399	,	1
247.9322292	,	0.091285516	,	0.439137104	,	0.933193092	,	6.271134584	,	0.008333045	,	1.274689621	,	1
280.3815506	,	0.04435936	,	0.353610061	,	0.916416763	,	7.348357433	,	0.001967753	,	1.369853132	,	1
296.5405258	,	0.04460788	,	0.358436563	,	0.914388919	,	7.341708543	,	0.001989863	,	1.369375017	,	1
289.8206509	,	0.040174004	,	0.354089888	,	0.912255731	,	7.227446758	,	0.001613951	,	1.356925626	,	1
270.1793149	,	0.034723451	,	0.329468575	,	0.89169562	,	7.357929101	,	0.001205718	,	1.369056772	,	1
230.0597716	,	0.044518643	,	0.351649152	,	0.894338947	,	6.55466106	,	0.00198191	,	1.196026404	,	1
237.708047	,	0.044323093	,	0.349882792	,	0.893642191	,	6.668837384	,	0.001964537	,	1.220566486	,	1
224.1427204	,	0.045404461	,	0.362417302	,	0.899888731	,	6.270160325	,	0.002061565	,	1.181689034	,	1
261.2166786	,	0.037378482	,	0.323093237	,	0.870492817	,	7.18307524	,	0.001397151	,	1.248539099	,	1
288.706936	,	0.031563042	,	0.329718258	,	0.910802363	,	7.561139028	,	0.000996226	,	1.417844555	,	1
0.435100673	,	0.213137747	,	0.8256209	,	0.979269232	,	0.362868766	,	0.045427699	,	0.043031432	,	0
0.490223225	,	0.212272854	,	0.823462051	,	0.978273142	,	0.374850443	,	0.045059764	,	0.048891208	,	0
0.561121936	,	0.201986222	,	0.81505852	,	0.978849986	,	0.39966841	,	0.040798434	,	0.056984226	,	0
0.671708885	,	0.191331836	,	0.805161426	,	0.976072913	,	0.430400301	,	0.036607872	,	0.070620366	,	0
0.683485454	,	0.187740693	,	0.801480752	,	0.976102204	,	0.438211465	,	0.035246568	,	0.072497531	,	0
0.596896045	,	0.194886087	,	0.807446239	,	0.977283016	,	0.417666564	,	0.037980587	,	0.059311866	,	0
0.471883226	,	0.206282962	,	0.820670666	,	0.979079427	,	0.376679315	,	0.042552661	,	0.047780983	,	0
0.439852323	,	0.209638544	,	0.824058746	,	0.979025071	,	0.366355587	,	0.043948319	,	0.037167901	,	0
5.004768742	,	0.177596211	,	0.76193385	,	0.932503254	,	0.714131884	,	0.031540414	,	0.219586649	,	0
1.532116364	,	0.188829432	,	0.782225785	,	0.949262099	,	0.525655488	,	0.035656554	,	0.11625124	,	0
0.699141968	,	0.19265138	,	0.795050569	,	0.971994687	,	0.447988241	,	0.037114554	,	0.057175836	,	0
122.4229139	,	0.17757943	,	0.740810199	,	0.578851844	,	1.785338256	,	0.031534454	,	0.364227863	,	0
79.78176597	,	0.17112732	,	0.735415028	,	0.771317589	,	1.546713158	,	0.02928456	,	0.39276928	,	0
59.49159061	,	0.179769464	,	0.707001964	,	0.800056891	,	1.710542508	,	0.03231706	,	0.487521066	,	0
54.25636687	,	0.178617786	,	0.704580054	,	0.822681508	,	1.757819711	,	0.031904313	,	0.507848377	,	0
40.52324548	,	0.147222229	,	0.691744016	,	0.933110026	,	1.730848118	,	0.021674385	,	0.516918719	,	0
38.02698868	,	0.147620824	,	0.6924745	,	0.957141205	,	1.669315968	,	0.021791908	,	0.517220156	,	0
96.5692292	,	0.16927628	,	0.737642249	,	0.710604849	,	1.564745196	,	0.028654459	,	0.288293606	,	0
176.4165214	,	0.170307324	,	0.717965402	,	0.749642206	,	2.357177042	,	0.029004585	,	0.401351392	,	0
269.5739069	,	0.150603165	,	0.675117875	,	0.804202241	,	3.405206304	,	0.022681313	,	0.575442996	,	0
1.072283185	,	0.142472811	,	0.775034952	,	0.989004992	,	0.523963354	,	0.020298502	,	0.110577914	,	0
0.732420606	,	0.144333909	,	0.784591429	,	0.992088555	,	0.479318361	,	0.020832277	,	0.072012348	,	0
0.723344614	,	0.144002872	,	0.786151751	,	0.99216996	,	0.475233309	,	0.020736827	,	0.064693896	,	0
0.728540662	,	0.141844976	,	0.785579947	,	0.992386666	,	0.476942536	,	0.020119997	,	0.067714475	,	0
0.679588418	,	0.14710742	,	0.793805485	,	0.992330496	,	0.455679759	,	0.021640593	,	0.063358961	,	0
5.719191194	,	0.213819314	,	0.720189236	,	0.964487938	,	1.034133251	,	0.045718699	,	0.259817362	,	0
120.3182238	,	0.055146536	,	0.37337929	,	0.986544212	,	4.908214542	,	0.00304114	,	1.233821194	,	0
5.703312481	,	0.219759232	,	0.718980626	,	0.965488357	,	1.035722832	,	0.04829412	,	0.259734588	,	0
126.4092059	,	0.059476688	,	0.404584142	,	0.985964405	,	4.841982019	,	0.003537476	,	1.231049519	,	0
5.747376337	,	0.215527668	,	0.717581054	,	0.964909541	,	1.040030082	,	0.046452176	,	0.262272569	,	0
138.1515229	,	0.053516313	,	0.357289145	,	0.98545883	,	5.363672102	,	0.002863996	,	1.299615315	,	0
0.902317711	,	0.168011518	,	0.746096126	,	0.975298579	,	0.571992616	,	0.02822787	,	0.052268432	,	0
0.902813387	,	0.160149312	,	0.739520168	,	0.980098502	,	0.583085496	,	0.025647802	,	0.058289157	,	0
3.320223567	,	0.143562282	,	0.737740418	,	0.956638895	,	0.644190339	,	0.020610129	,	0.101483881	,	0
8.002136533	,	0.126158962	,	0.686506646	,	0.962347296	,	0.877294636	,	0.015916084	,	0.212835634	,	0
21.09340922	,	0.119465945	,	0.66381241	,	0.954411668	,	1.227480942	,	0.014272112	,	0.306766389	,	0
31.15844529	,	0.117631157	,	0.662406992	,	0.953266914	,	1.469080094	,	0.013837089	,	0.368261641	,	0
43.99637644	,	0.090573509	,	0.591399228	,	0.947677382	,	2.110416026	,	0.00820356	,	0.624745235	,	0
65.11904762	,	0.086302484	,	0.571345315	,	0.944430038	,	2.621218337	,	0.007448119	,	0.688586127	,	0
206.1821864	,	0.063779692	,	0.454764605	,	0.910709939	,	5.012357707	,	0.004067849	,	1.135223313	,	0
114.4001641	,	0.062834718	,	0.477192908	,	0.949348555	,	4.094622774	,	0.003948202	,	1.093785186	,	0
123.2326599	,	0.064299069	,	0.467964102	,	0.955818562	,	4.23471097	,	0.00413437	,	1.112140477	,	0
131.3172837	,	0.066868313	,	0.480577304	,	0.961481834	,	4.338272998	,	0.004471371	,	1.128560749	,	0
142.2935767	,	0.074070324	,	0.490160795	,	0.967592591	,	4.447270365	,	0.005486413	,	1.133383806	,	0
79.28949168	,	0.074331555	,	0.520181257	,	0.94411771	,	3.000769152	,	0.00552518	,	0.869132098	,	0
102.6851263	,	0.085263607	,	0.534605527	,	0.957676802	,	3.279014118	,	0.007269883	,	0.902347001	,	0
106.5032133	,	0.091946809	,	0.544152853	,	0.963866	,	3.290517212	,	0.008454216	,	0.898017511	,	0
231.7202167	,	0.065054347	,	0.467811755	,	0.893951064	,	4.883106006	,	0.004232068	,	1.051267914	,	0
186.1738454	,	0.073825644	,	0.490543811	,	0.890548387	,	4.21643934	,	0.005450226	,	0.948980379	,	0
200.1711107	,	0.078129122	,	0.503277507	,	0.881418729	,	4.284945134	,	0.00610416	,	0.939924173	,	0
194.2990463	,	0.08288857	,	0.512278826	,	0.883697217	,	4.16405155	,	0.006870515	,	0.905633661	,	0
91.02948416	,	0.079235958	,	0.519838886	,	0.949687737	,	3.164307934	,	0.006278337	,	0.899470002	,	0
37.93537415	,	0.177120085	,	0.701498921	,	0.925720475	,	1.591853827	,	0.031371524	,	0.46063945	,	0
34.23187365	,	0.174029333	,	0.698928056	,	0.934895323	,	1.54726011	,	0.030286209	,	0.497005167	,	0
24.90799234	,	0.171989695	,	0.700239535	,	0.942667397	,	1.336119372	,	0.029580455	,	0.457034704	,	0
16.95318429	,	0.169037245	,	0.702155389	,	0.95115816	,	1.147625885	,	0.02857359	,	0.386592336	,	0
0.709397327	,	0.17833262	,	0.78237523	,	0.984741039	,	0.47916453	,	0.031802523	,	0.059308777	,	0
0.667623833	,	0.180444054	,	0.781954613	,	0.980411428	,	0.473079684	,	0.032560057	,	0.057544351	,	0
0.61188596	,	0.184872965	,	0.792712818	,	0.976364039	,	0.446125184	,	0.034178013	,	0.037390677	,	0
0.628089427	,	0.187930058	,	0.795971045	,	0.975066749	,	0.443766451	,	0.035317707	,	0.040377656	,	0
15.41175264	,	0.056931186	,	0.481502515	,	0.988689914	,	1.993060541	,	0.00324116	,	0.580079234	,	0
19.25527296	,	0.050425408	,	0.427658523	,	0.985343252	,	2.328598776	,	0.002542722	,	0.635964233	,	0
14.12740574	,	0.045687315	,	0.41840521	,	0.988202104	,	2.126209278	,	0.002087331	,	0.562236283	,	0
23.45711551	,	0.043617487	,	0.446109875	,	0.983579179	,	2.233856357	,	0.001902485	,	0.609936576	,	0
11.68663043	,	0.045801607	,	0.448157851	,	0.990375391	,	1.85331419	,	0.002097787	,	0.481868565	,	0
15.70686767	,	0.054938218	,	0.461054875	,	0.98747579	,	2.074351349	,	0.003018208	,	0.581680039	,	0
8.184254606	,	0.046709677	,	0.443106103	,	0.992568016	,	1.814959149	,	0.002181794	,	0.447155238	,	0
10.45019314	,	0.071759929	,	0.54944995	,	0.994033495	,	1.635473285	,	0.005149487	,	0.547426718	,	0
8.590777014	,	0.098459354	,	0.595317088	,	0.994963352	,	1.401018699	,	0.009694244	,	0.511091399	,	0
6.322291731	,	0.122610032	,	0.638124275	,	0.994036344	,	1.154479882	,	0.01503322	,	0.441566974	,	0
5.579154275	,	0.058849981	,	0.531531012	,	0.996790067	,	1.413461867	,	0.00346332	,	0.435646935	,	0
3.768792944	,	0.099644029	,	0.620146339	,	0.99695148	,	1.074710286	,	0.009928933	,	0.39131418	,	0
5.335002716	,	0.078315607	,	0.577471464	,	0.996943179	,	1.257147223	,	0.006133334	,	0.424931702	,	0
7.366082111	,	0.085225762	,	0.576712224	,	0.995680871	,	1.371551636	,	0.00726343	,	0.489841759	,	0
42.55254162	,	0.043290227	,	0.323097801	,	0.976156609	,	3.679742249	,	0.001874044	,	0.879453915	,	0
41.89816429	,	0.04383951	,	0.324338286	,	0.976167089	,	3.670973917	,	0.001921903	,	0.876030062	,	0
42.33335043	,	0.043236074	,	0.32187429	,	0.97579995	,	3.707329163	,	0.001869358	,	0.878193156	,	0
42.55086658	,	0.04510387	,	0.32526274	,	0.976007228	,	3.704628585	,	0.002034359	,	0.885247261	,	0
48.43395549	,	0.051605817	,	0.339229068	,	0.971892438	,	3.800823847	,	0.00266316	,	0.907441645	,	0
31.75626431	,	0.035751244	,	0.367146081	,	0.979043547	,	2.962636311	,	0.001278151	,	0.77260528	,	0
37.99641062	,	0.153413643	,	0.592183864	,	0.980500168	,	2.034355451	,	0.023535746	,	0.676382898	,	0
40.12696134	,	0.143587749	,	0.583362446	,	0.980041041	,	2.097391721	,	0.020617442	,	0.693566483	,	0
41.29996923	,	0.118917654	,	0.559188686	,	0.979511568	,	2.228489386	,	0.014141408	,	0.727807064	,	0
43.96003829	,	0.084914323	,	0.505559061	,	0.977277902	,	2.526578471	,	0.007210442	,	0.770491235	,	0
26.69883431	,	0.059550506	,	0.448817988	,	0.986166013	,	2.709158035	,	0.003546263	,	0.837589144	,	0
47.19483472	,	0.040324484	,	0.362040636	,	0.973443425	,	3.818463064	,	0.001626064	,	0.905759218	,	0
35.53233856	,	0.150150013	,	0.626902364	,	0.99207691	,	1.816001778	,	0.022545026	,	0.628777263	,	0
37.67095682	,	0.133469462	,	0.618327074	,	0.991653682	,	1.879995214	,	0.017814097	,	0.659541793	,	0
35.47959184	,	0.070996586	,	0.52743765	,	0.991075553	,	2.295473968	,	0.005040515	,	0.781743625	,	0
37.77634773	,	0.140156675	,	0.618484144	,	0.991607325	,	1.884405018	,	0.019643894	,	0.654445015	,	0
36.01762212	,	0.15299318	,	0.619589468	,	0.990082237	,	1.860920247	,	0.023406913	,	0.643252482	,	0
38.43978395	,	0.134675666	,	0.605438871	,	0.989477955	,	1.942091409	,	0.018137535	,	0.671980256	,	0
40.39970259	,	0.087786616	,	0.55184522	,	0.988411392	,	2.194561242	,	0.00770649	,	0.724614016	,	0
35.99345366	,	0.069941486	,	0.507733943	,	0.989082065	,	2.381037842	,	0.004891811	,	0.777323095	,	0
38.50215363	,	0.066474072	,	0.483073234	,	0.985122661	,	2.590794107	,	0.004418802	,	0.799917696	,	0
39.79942228	,	0.108546313	,	0.567466201	,	0.985793698	,	2.144104878	,	0.011782302	,	0.708712556	,	0
39.27891156	,	0.145293066	,	0.60166362	,	0.986156943	,	2.009264007	,	0.021110075	,	0.683728253	,	0
37.38394353	,	0.154253632	,	0.604139542	,	0.984826305	,	1.971849041	,	0.023794183	,	0.669076497	,	0
90.02714252	,	0.072853754	,	0.489198197	,	0.946210429	,	3.322428469	,	0.005307669	,	0.882419353	,	0
69.03148395	,	0.075328307	,	0.536394928	,	0.957554907	,	2.659863946	,	0.005674354	,	0.756186357	,	0
370.9115646	,	0.064873122	,	0.45414497	,	0.886832036	,	6.533244454	,	0.004208522	,	1.257211129	,	1
145.7796465	,	0.064720073	,	0.449078674	,	0.952522662	,	4.340136054	,	0.004188688	,	1.052259337	,	1
150.3636037	,	0.060223118	,	0.451293214	,	0.947068077	,	4.17801593	,	0.003626824	,	0.981031632	,	1
372.0699415	,	0.057584517	,	0.454019246	,	0.881980344	,	6.524800875	,	0.003315977	,	1.245009581	,	1
156.6390456	,	0.04267331	,	0.395306433	,	0.945204998	,	4.752811677	,	0.001821011	,	1.065763247	,	1
182.6005709	,	0.045853078	,	0.397734178	,	0.935056873	,	5.054404676	,	0.002102505	,	1.092456396	,	1
193.3182238	,	0.048442637	,	0.399682305	,	0.93103006	,	5.142583667	,	0.002346689	,	1.086315408	,	1
305.988326	,	0.053924064	,	0.458187032	,	0.887549731	,	5.900471746	,	0.002907805	,	1.184318428	,	1
188.5607801	,	0.053072512	,	0.415799062	,	0.936613691	,	4.92843469	,	0.002816692	,	1.09211174	,	1
373.5057259	,	0.059501996	,	0.465812807	,	0.874983966	,	6.316788022	,	0.003540488	,	1.204064279	,	1
260.5862817	,	0.05260399	,	0.451157258	,	0.92637007	,	6.021929375	,	0.00276718	,	1.195098426	,	1
192.2933374	,	0.039868733	,	0.405289107	,	0.906001365	,	5.34085393	,	0.001589516	,	1.097144146	,	1
176.5603357	,	0.043744827	,	0.435110568	,	0.900463634	,	4.986685126	,	0.00191361	,	1.052975656	,	1
273.7084231	,	0.0637973	,	0.480091796	,	0.915540209	,	6.071702048	,	0.004070095	,	1.189427705	,	1
279.2739035	,	0.047423855	,	0.435455008	,	0.924049527	,	5.925597375	,	0.002249022	,	1.173965543	,	1
281.5177589	,	0.056884877	,	0.467349002	,	0.919844603	,	5.95620962	,	0.003235889	,	1.183700825	,	1
279.1603596	,	0.041082986	,	0.411236945	,	0.91736081	,	6.226609237	,	0.001687812	,	1.220749612	,	1
286.0529689	,	0.044980879	,	0.418062949	,	0.911499703	,	6.299439374	,	0.002023279	,	1.222836065	,	1
239.6140839	,	0.057663295	,	0.423546393	,	0.91437415	,	5.324867581	,	0.003325056	,	1.173793001	,	1
283.3833282	,	0.06509119	,	0.486717518	,	0.913904549	,	6.046473866	,	0.004236863	,	1.189283415	,	1
1503.79491	,	0.025868931	,	0.218070155	,	0.744453816	,	21.57780399	,	0.000669202	,	2.186918849	,	1
1471.355006	,	0.024844451	,	0.216985057	,	0.770595455	,	21.19239052	,	0.000617247	,	2.185729566	,	1
1442.370287	,	0.025099831	,	0.218794088	,	0.794035554	,	20.86018528	,	0.000630002	,	2.188361032	,	1
1337.318036	,	0.026382506	,	0.245317483	,	0.812923313	,	19.09693023	,	0.000696037	,	2.122535955	,	1
1689.758008	,	0.017442775	,	0.150253041	,	0.73262174	,	24.31207056	,	0.00030425	,	2.299422168	,	1
1609.041927	,	0.01612596	,	0.145223645	,	0.779702579	,	23.58323933	,	0.000260047	,	2.304899681	,	1
1448.209825	,	0.0172485	,	0.16742627	,	0.822355425	,	21.34037535	,	0.000297511	,	2.242607779	,	1
550.6602229	,	0.058382747	,	0.372188555	,	0.732260832	,	10.16841008	,	0.003408545	,	1.515677013	,	1
512.687844	,	0.057047713	,	0.371884717	,	0.756204304	,	9.879858476	,	0.003254442	,	1.514906711	,	1
384.6449937	,	0.058139915	,	0.375724623	,	0.842081977	,	8.824223157	,	0.00338025	,	1.477863295	,	1
1141.561242	,	0.023541688	,	0.200213414	,	0.767718122	,	18.3687485	,	0.000554211	,	2.089657727	,	1
1060.3628	,	0.024950268	,	0.211443863	,	0.797141223	,	17.51157146	,	0.000622516	,	2.074692045	,	1
863.1195091	,	0.02575315	,	0.226282068	,	0.845837179	,	15.65562506	,	0.000663225	,	2.008110366	,	1
588.66024	,	0.025075907	,	0.221969444	,	0.811427493	,	12.11868868	,	0.000628801	,	1.79825557	,	1
510.2653232	,	0.025539194	,	0.241678666	,	0.832262599	,	10.82000137	,	0.00065225	,	1.702883342	,	1
677.4867535	,	0.021322697	,	0.190441493	,	0.810468716	,	13.44600554	,	0.000454657	,	1.863237207	,	1
380.4063344	,	0.068599648	,	0.387126209	,	0.893608612	,	8.943510067	,	0.004705912	,	1.644444354	,	1
441.0644037	,	0.044376268	,	0.313400509	,	0.9162299	,	10.25884525	,	0.001969253	,	1.799881955	,	1
354.8737224	,	0.045925291	,	0.334050315	,	0.931257795	,	9.090691553	,	0.002109132	,	1.72904647	,	1
331.0906403	,	0.047144644	,	0.359138443	,	0.928577887	,	8.451047756	,	0.002222617	,	1.67040439	,	1
690.4043698	,	0.036004818	,	0.302182905	,	0.715519705	,	12.3802628	,	0.001296347	,	1.662802138	,	1
656.9421427	,	0.035790138	,	0.302647078	,	0.7514705	,	12.19021981	,	0.001280934	,	1.659612729	,	1
539.6412163	,	0.0401261	,	0.326158061	,	0.803499284	,	10.72353263	,	0.001610104	,	1.576590487	,	1
519.9949749	,	0.039016705	,	0.313054866	,	0.826377767	,	10.84295628	,	0.001522303	,	1.587555844	,	1
499.0752572	,	0.050092112	,	0.341607213	,	0.810120486	,	10.27267289	,	0.00250922	,	1.532039522	,	1
486.6068779	,	0.051920472	,	0.358279404	,	0.797186704	,	9.890062558	,	0.002695735	,	1.508600888	,	1
537.6081598	,	0.051600658	,	0.354724957	,	0.751581747	,	10.4666359	,	0.002662628	,	1.539159126	,	1
589.270468	,	0.051676752	,	0.359296459	,	0.711530457	,	10.76764776	,	0.002670487	,	1.545734462	,	1
298.2956107	,	0.095979048	,	0.441694263	,	0.849017719	,	7.297080641	,	0.009211978	,	1.326212044	,	1
355.7118244	,	0.058724853	,	0.38209709	,	0.873469051	,	8.301644276	,	0.003448608	,	1.457018177	,	1
216.5019314	,	0.131542615	,	0.51384859	,	0.868831067	,	5.828530407	,	0.01730346	,	1.166634178	,	1
188.6749906	,	0.052862015	,	0.395370687	,	0.935291252	,	6.278518443	,	0.002794393	,	1.341365079	,	1
263.0436366	,	0.053755884	,	0.393748513	,	0.907558267	,	6.952979182	,	0.002889695	,	1.37162289	,	1
289.5206475	,	0.050806089	,	0.372289833	,	0.892395327	,	7.526595563	,	0.002581259	,	1.424456522	,	1
356.0705911	,	0.04628168	,	0.341971386	,	0.866263828	,	8.558404266	,	0.002141994	,	1.500516772	,	1
276.0712576	,	0.041583323	,	0.350918971	,	0.908242141	,	7.588982327	,	0.001729173	,	1.45121238	,	1
498.2900728	,	0.041442306	,	0.327630255	,	0.84673122	,	9.830154172	,	0.001717465	,	1.567325075	,	1
509.0392609	,	0.048679539	,	0.346516451	,	0.854969596	,	9.746846477	,	0.002369698	,	1.551943259	,	1
410.699894	,	0.037801827	,	0.324864685	,	0.870642159	,	8.986462927	,	0.001428978	,	1.528213974	,	1
385.2660069	,	0.03824648	,	0.33778038	,	0.869625907	,	8.517707586	,	0.001462793	,	1.495198219	,	1
491.4368954	,	0.044053722	,	0.291673189	,	0.889441686	,	9.914487403	,	0.00194073	,	1.609247889	,	1
471.751769	,	0.044418212	,	0.326082921	,	0.898418085	,	9.275578573	,	0.001972978	,	1.535303587	,	1
789.4943254	,	0.02741698	,	0.25240331	,	0.885200635	,	13.9540389	,	0.000751691	,	1.936684403	,	1
357.8496052	,	0.053367784	,	0.342106253	,	0.879175258	,	7.615748812	,	0.00284812	,	1.344896351	,	1
469.4347076	,	0.038440338	,	0.293183221	,	0.919283392	,	9.730369535	,	0.00147766	,	1.691999789	,	1
465.0955628	,	0.037773602	,	0.306975394	,	0.922181469	,	9.485471576	,	0.001426845	,	1.669239222	,	1
459.9009503	,	0.034993246	,	0.291541617	,	0.920861332	,	9.469985984	,	0.001224527	,	1.660876824	,	1
457.2394626	,	0.034656101	,	0.295436619	,	0.918254129	,	9.353570574	,	0.001201045	,	1.646529983	,	1
628.457389	,	0.020960901	,	0.217764138	,	0.901208902	,	12.53950022	,	0.000439359	,	1.919782566	,	1
589.4401429	,	0.024372523	,	0.244365634	,	0.912179683	,	11.59605852	,	0.00059402	,	1.852706885	,	1
550.3833795	,	0.026553992	,	0.251276486	,	0.916579508	,	10.95039825	,	0.000705114	,	1.794835028	,	1
633.2427272	,	0.03051159	,	0.301756334	,	0.899435527	,	11.58563224	,	0.000930957	,	1.75622543	,	1
617.0296038	,	0.028507001	,	0.291905565	,	0.89552961	,	11.48131816	,	0.000812649	,	1.761821844	,	1
575.1181417	,	0.034346227	,	0.314999866	,	0.895088449	,	10.63118313	,	0.001179663	,	1.6710417	,	1
712.8394865	,	0.02699148	,	0.292444067	,	0.900622304	,	12.68627149	,	0.00072854	,	1.854462769	,	1
702.2759033	,	0.026440114	,	0.288020262	,	0.897695824	,	12.59419547	,	0.00069908	,	1.861360905	,	1
495.4297263	,	0.030400428	,	0.27174012	,	0.891273941	,	9.958795697	,	0.000924186	,	1.616194529	,	1
602.9347759	,	0.026645354	,	0.260095686	,	0.896349441	,	11.40744539	,	0.000709975	,	1.752810483	,	1
668.6880149	,	0.022956721	,	0.257836689	,	0.91181034	,	12.31858271	,	0.000527011	,	1.853045827	,	1
627.7366595	,	0.024406739	,	0.281349786	,	0.923060709	,	11.30142208	,	0.000595689	,	1.750689343	,	1
841.8953783	,	0.046740922	,	0.402950462	,	0.887627027	,	10.03806447	,	0.002184714	,	1.421742124	,	1
745.9467747	,	0.046104423	,	0.41317616	,	0.88621423	,	9.240009572	,	0.002125618	,	1.376122586	,	1
661.1270468	,	0.047133532	,	0.438800309	,	0.888224118	,	8.377653574	,	0.00222157	,	1.324358417	,	1
625.1153728	,	0.050206318	,	0.45974483	,	0.879185957	,	7.743581855	,	0.002520674	,	1.253326617	,	1
492.2941579	,	0.057578248	,	0.490296312	,	0.881900113	,	6.352237377	,	0.003315255	,	1.126313575	,	1
389.2983626	,	0.064403496	,	0.499234687	,	0.886173613	,	5.593648515	,	0.00414781	,	1.06520145	,	1
412.648942	,	0.064614918	,	0.483326401	,	0.889065928	,	5.941732472	,	0.004175088	,	1.092827284	,	1
1027.477438	,	0.049316136	,	0.428184799	,	0.791656029	,	10.95879055	,	0.002432081	,	1.375645306	,	1
858.7086624	,	0.049667606	,	0.461516835	,	0.818156925	,	9.165401839	,	0.002466871	,	1.268986671	,	1
820.8110108	,	0.045722528	,	0.4495907	,	0.836838669	,	9.332017229	,	0.00209055	,	1.325594372	,	1
50.54302123	,	0.065792204	,	0.52682948	,	0.975433004	,	2.806105357	,	0.004328614	,	0.78911215	,	1
57.19799679	,	0.060372589	,	0.511543848	,	0.973117883	,	3.085358767	,	0.003644849	,	0.822254219	,	1
65.3873278	,	0.054383927	,	0.47648997	,	0.970252551	,	3.50256384	,	0.002957612	,	0.88081015	,	1
36.89715585	,	0.058471926	,	0.514417858	,	0.978354086	,	2.709756264	,	0.003418966	,	0.74211947	,	1
298.7532561	,	0.070192348	,	0.482971611	,	0.914555188	,	5.894916761	,	0.004926966	,	1.085266558	,	1
344.6223977	,	0.061733151	,	0.466152501	,	0.919087024	,	6.695620962	,	0.003810982	,	1.176049342	,	1
527.9313233	,	0.054337536	,	0.44929522	,	0.87997587	,	8.134960517	,	0.002952568	,	1.249963816	,	1
200.4830958	,	0.052694562	,	0.483196162	,	0.905274204	,	4.997265238	,	0.002776717	,	0.964019123	,	1
159.5126483	,	0.062338375	,	0.498786729	,	0.913495529	,	4.255238779	,	0.003886073	,	0.895879682	,	1
289.5790859	,	0.051702785	,	0.462862005	,	0.908266482	,	5.978771408	,	0.002673178	,	1.095876272	,	1
